    ACCURACY       FNR PRECISION    RECALL   F1Score
1  0.9234565 0.3046249 0.9180461 0.6953751 0.7913450
2  0.9227314 0.2961995 0.9131229 0.7038005 0.7949126
3  0.9214460 0.3054545 0.9143617 0.6945455 0.7894374
4  0.9215518 0.3023162 0.9137431 0.6976838 0.7912289
5  0.9192027 0.3135300 0.9074771 0.6864700 0.7816518
6  0.9228926 0.3034877 0.9157951 0.6965123 0.7912419
7  0.9233038 0.3022639 0.9164211 0.6977361 0.7922649
8  0.9188334 0.3080588 0.9097077 0.6919412 0.7860203
9  0.9176133 0.3175906 0.9105474 0.6824094 0.7801418
10 0.9192408 0.3128697 0.9056452 0.6871303 0.7813986
