    ACCURACY       FNR PRECISION    RECALL   F1Score
1  0.9169273 0.2790870 0.8673811 0.7209130 0.7873936
2  0.9164126 0.2865486 0.8652045 0.7134514 0.7820341
3  0.9147428 0.2957300 0.8694751 0.7042700 0.7782013
4  0.9116541 0.2946264 0.8588393 0.7053736 0.7745782
5  0.9141556 0.2790004 0.8519171 0.7209996 0.7810101
6  0.9136286 0.2864526 0.8598754 0.7135474 0.7799072
7  0.9140334 0.2831203 0.8574911 0.7168797 0.7809062
8  0.9135187 0.2882015 0.8595393 0.7117985 0.7787234
9  0.9142812 0.2850804 0.8612472 0.7149196 0.7812910
10 0.9131984 0.2872969 0.8585409 0.7127031 0.7788539
