    ACCURACY       FNR PRECISION    RECALL   F1Score
1  0.9015283 0.3107861 0.8272987 0.6892139 0.7519697
2  0.9012991 0.3132619 0.8236597 0.6867381 0.7489927
3  0.9020190 0.3136823 0.8297069 0.6863177 0.7512313
4  0.9035834 0.3056429 0.8273810 0.6943571 0.7550548
5  0.9039886 0.3029967 0.8274045 0.6970033 0.7566265
6  0.9021029 0.3115915 0.8219849 0.6884085 0.7492901
7  0.9048731 0.2996988 0.8210108 0.7003012 0.7558671
8  0.9049543 0.3065299 0.8308002 0.6934701 0.7559487
9  0.9037281 0.2999440 0.8203279 0.7000560 0.7554348
10 0.9043038 0.3016698 0.8263447 0.6983302 0.7569633
